while wait(1) do

game:GetService("Workspace").cursed_rade.HumanoidRootPart.CFrame = CFrame.new(-55.4315834, -9.66837978, -217.403427, -0.999240696, 0.00405536778, -0.038749788, 6.01011285e-09, 0.994568229, 0.1040866, 0.038961418, 0.104007572, -0.993813097)
wait(0.1)
game:GetService("Workspace").cursed_rade.HumanoidRootPart.CFrame = CFrame.new(-64.4506149, 72.2866364, 1365.99939, -0.999935746, -0.00201616203, 0.011156233, -1.09026734e-08, 0.984059632, 0.177838951, -0.0113369506, 0.177827522, -0.983996391)
wait(0.1)
game:GetService("Workspace").cursed_rade.HumanoidRootPart.CFrame = CFrame.new(-51.5785484, 38.1672592, 2133.1416, -0.998325408, -0.0172784049, 0.055207286, 1.19836132e-08, 0.954351246, 0.298686653, -0.0578479692, 0.298186481, -0.952753067)
wait(0.1)
game:GetService("Workspace").cursed_rade.HumanoidRootPart.CFrame = CFrame.new(-53.5165215, 53.0585251, 2903.59497, -0.999770761, -0.00714199618, 0.0201855637, -1.14620597e-08, 0.942731082, 0.333553731, -0.0214117989, 0.333477259, -0.942514956)
wait(0.1)
game:GetService("Workspace").cursed_rade.HumanoidRootPart.CFrame = CFrame.new(-41.3014641, 51.8836403, 2911.44653, -0.994815588, 0.0312891789, -0.0967622623, 5.1639133e-09, 0.951491356, 0.307675481, 0.101695366, 0.306080371, -0.946558416)
wait(0.1)
game:GetService("Workspace").cursed_rade.HumanoidRootPart.CFrame = CFrame.new(-58.6281128, 53.8435287, 3674.90967, -0.99974364, 0.00369280321, -0.0223375931, 1.02064366e-08, 0.986608922, 0.163103625, 0.0226407796, 0.163061813, -0.98635602)
wait(0.1)
game:GetService("Workspace").cursed_rade.HumanoidRootPart.CFrame = CFrame.new(-58.6036644, 53.8350754, 3674.94531, -0.967917442, 0.0657512397, -0.242512986, -1.01702247e-08, 0.965155363, 0.261677444, 0.251268327, 0.25328216, -0.93419075)
wait(0.1)
game:GetService("Workspace").cursed_rade.HumanoidRootPart.CFrame = CFrame.new(-79.0076904, 60.3068504, 4449.05615, -0.958460808, -0.0883212909, 0.271205157, -1.46604053e-08, 0.950848818, 0.309655547, -0.285224289, 0.296792686, -0.911351323)
wait(0.1)
game:GetService("Workspace").cursed_rade.HumanoidRootPart.CFrame = CFrame.new(-38.7676888, 71.5280304, 5231.67139, -0.996649265, 0.0141845522, -0.0805546269, 9.11338738e-09, 0.98484832, 0.173418015, 0.0817939416, 0.172836944, -0.981548369)
wait(0.1)
game:GetService("Workspace").cursed_rade.HumanoidRootPart.CFrame = CFrame.new(-38.7578239, 71.5249405, 5231.68604, -0.982932508, 0.0392251648, -0.179736182, 1.46042742e-08, 0.977004468, 0.213218868, 0.183966592, 0.209579751, -0.960329413)
wait(0.1)
game:GetService("Workspace").cursed_rade.HumanoidRootPart.CFrame = CFrame.new(-57.135334, 87.530098, 5981.09619, -0.999999046, 0.000226434538, -0.00135263719, 9.98266714e-09, 0.986277223, 0.165097669, 0.0013714591, 0.165097505, -0.986276269)
wait(0.1)
game:GetService("Workspace").cursed_rade.HumanoidRootPart.CFrame = CFrame.new(-59.0272293, 35.8162994, 6756.55469, -0.996126533, 0.00808455702, -0.087558873, 1.00593827e-08, 0.995764375, 0.09194161, 0.0879313126, 0.0915854797, -0.991907358)
wait(0.1)
game:GetService("Workspace").cursed_rade.HumanoidRootPart.CFrame = CFrame.new(-47.7078743, 52.6880798, 7521.71631, -0.998668969, -0.00855131075, 0.050864242, -7.44038076e-09, 0.986160517, 0.165793449, -0.0515780561, 0.165572762, -0.984847903)
wait(0.1)
game:GetService("Workspace").cursed_rade.HumanoidRootPart.CFrame = CFrame.new(-47.7078743, 52.6880798, 7521.71631, -0.998668969, -0.00855130516, 0.0508642346, -3.99182465e-09, 0.986160517, 0.165793419, -0.0515780486, 0.165572748, -0.984847903)
wait(0.1)
game:GetService("Workspace").cursed_rade.HumanoidRootPart.CFrame = CFrame.new(-52.1186218, 45.7585945, 8290.4502, -0.99645859, 0.016971264, -0.0823541582, 4.09810452e-09, 0.97941947, 0.201835379, 0.0840846673, 0.2011206, -0.975950956)
wait(0.1)
game:GetService("Workspace").cursed_rade.HumanoidRootPart.CFrame = CFrame.new(-52.1186218, 45.7585945, 8290.4502, -0.99645859, 0.0169712491, -0.0823541284, -4.14175894e-09, 0.97941947, 0.201835364, 0.0840846375, 0.201120585, -0.975950956)
wait(0.1)
game:GetService("Workspace").cursed_rade.HumanoidRootPart.CFrame = CFrame.new(-46.0826378, -43.8396912, 8799.49609, -0.999715507, 0.00752527732, -0.0226339176, -4.98475083e-09, 0.948926449, 0.315497309, 0.0238521285, 0.315407544, -0.948656499)
wait(0.1)
game:GetService("Workspace").cursed_rade.HumanoidRootPart.CFrame = CFrame.new(-57.1855621, -325.959442, 9490.31152, -0.9972471, -0.0537817106, 0.0510471016, 1.56337709e-09, 0.688426673, 0.725305974, -0.0741503835, 0.723309219, -0.686531484)

end
